Model: Seq2Seq Multimodal Bi-LSTM
Source index: <Seq2Seq Index with 45 items>
Target index: <Seq2Seq Index with 34 items>
Encoder embedding dimension: 128
Descriptors dimension: 1136
Decoder embedding dimension: 64
Encoder hidden units: 64
Encoder layers: 3
Decoder hidden units: 128
Decoder layers: 2
Dropout: 0.1
Trainable parameters: 895,202

Training started
X_train.shape: torch.Size([3063, 649])
Y_train.shape: torch.Size([3063, 7])
X_dev.shape: torch.Size([558, 702])
Y_dev.shape: torch.Size([558, 7])
Epochs: 500
Learning rate: 0.0001
Weight decay: 1e-05
Epoch | Train                 | Development           | Minutes
      | Loss     | Error Rate | Loss     | Error Rate |
---------------------------------------------------------------
    1 |   3.1604 |     84.226 |   2.6141 |     67.533 |     0.0
    2 |   2.3486 |     59.800 |   2.1160 |     56.661 |     0.1
    3 |   2.0141 |     53.499 |   1.8808 |     47.640 |     0.1
    4 |   1.8265 |     49.140 |   1.7274 |     47.790 |     0.1
    5 |   1.6937 |     48.776 |   1.6140 |     47.820 |     0.1
    6 |   1.5915 |     48.297 |   1.5296 |     45.042 |     0.2
    7 |   1.5201 |     46.251 |   1.4702 |     45.012 |     0.2
    8 |   1.4707 |     46.186 |   1.4307 |     45.072 |     0.2
    9 |   1.4313 |     45.963 |   1.3986 |     44.624 |     0.2
   10 |   1.4002 |     45.473 |   1.3725 |     44.116 |     0.3
   11 |   1.3744 |     44.733 |   1.3524 |     43.608 |     0.3
   12 |   1.3502 |     44.036 |   1.3319 |     43.100 |     0.3
   13 |   1.3296 |     43.356 |   1.3144 |     42.802 |     0.4
   14 |   1.3093 |     42.796 |   1.3009 |     41.398 |     0.4
   15 |   1.2904 |     41.903 |   1.2891 |     42.413 |     0.4
   16 |   1.2725 |     41.267 |   1.2758 |     40.711 |     0.4
   17 |   1.2566 |     40.875 |   1.2635 |     40.651 |     0.5
   18 |   1.2399 |     40.184 |   1.2555 |     40.741 |     0.5
   19 |   1.2241 |     39.705 |   1.2385 |     40.532 |     0.5
   20 |   1.2099 |     39.156 |   1.2387 |     39.934 |     0.5
   21 |   1.1946 |     38.601 |   1.2227 |     39.068 |     0.6
   22 |   1.1779 |     37.779 |   1.2160 |     39.098 |     0.6
   23 |   1.1623 |     37.305 |   1.2017 |     38.262 |     0.6
   24 |   1.1451 |     36.451 |   1.1901 |     38.112 |     0.7
   25 |   1.1298 |     35.776 |   1.1844 |     37.754 |     0.7
   26 |   1.1116 |     35.385 |   1.1744 |     37.485 |     0.7
   27 |   1.0973 |     34.639 |   1.1598 |     37.395 |     0.7
   28 |   1.0800 |     34.329 |   1.1470 |     36.858 |     0.8
   29 |   1.0602 |     33.883 |   1.1429 |     36.947 |     0.8
   30 |   1.0480 |     33.431 |   1.1298 |     36.589 |     0.8
   31 |   1.0297 |     32.985 |   1.1258 |     36.320 |     0.8
   32 |   1.0147 |     32.539 |   1.1110 |     35.723 |     0.9
   33 |   0.9963 |     31.973 |   1.1070 |     35.514 |     0.9
   34 |   0.9842 |     31.467 |   1.1042 |     35.544 |     0.9
   35 |   0.9720 |     31.037 |   1.0955 |     35.872 |     0.9
   36 |   0.9537 |     30.673 |   1.0870 |     35.872 |     1.0
   37 |   0.9388 |     30.009 |   1.0831 |     35.335 |     1.0
   38 |   0.9264 |     29.606 |   1.0720 |     34.916 |     1.0
   39 |   0.9115 |     29.084 |   1.0643 |     33.990 |     1.1
   40 |   0.8959 |     28.491 |   1.0603 |     34.259 |     1.1
   41 |   0.8825 |     27.718 |   1.0558 |     33.722 |     1.1
   42 |   0.8700 |     27.435 |   1.0514 |     33.572 |     1.1
   43 |   0.8548 |     26.891 |   1.0445 |     33.961 |     1.2
   44 |   0.8452 |     26.744 |   1.0403 |     33.214 |     1.2
   45 |   0.8290 |     25.732 |   1.0343 |     33.483 |     1.2
   46 |   0.8176 |     25.661 |   1.0327 |     33.333 |     1.2
   47 |   0.8042 |     25.144 |   1.0245 |     32.796 |     1.3
   48 |   0.7922 |     24.676 |   1.0206 |     32.646 |     1.3
   49 |   0.7804 |     24.089 |   1.0194 |     32.736 |     1.3
   50 |   0.7673 |     23.670 |   1.0138 |     32.557 |     1.4
   51 |   0.7549 |     23.185 |   1.0019 |     31.900 |     1.4
   52 |   0.7425 |     22.723 |   1.0003 |     32.407 |     1.4
   53 |   0.7299 |     22.179 |   0.9917 |     31.452 |     1.4
   54 |   0.7225 |     22.255 |   0.9918 |     31.302 |     1.5
   55 |   0.7084 |     21.673 |   0.9917 |     31.243 |     1.5
   56 |   0.6950 |     21.074 |   0.9901 |     30.556 |     1.5
   57 |   0.6874 |     20.797 |   0.9870 |     30.615 |     1.5
   58 |   0.6774 |     20.307 |   0.9821 |     30.585 |     1.6
   59 |   0.6638 |     20.089 |   0.9802 |     30.108 |     1.6
   60 |   0.6534 |     19.861 |   0.9698 |     30.346 |     1.6
   61 |   0.6432 |     19.453 |   0.9740 |     29.928 |     1.7
   62 |   0.6332 |     19.110 |   0.9778 |     30.137 |     1.7
   63 |   0.6224 |     18.860 |   0.9742 |     30.167 |     1.7
   64 |   0.6150 |     18.631 |   0.9671 |     29.480 |     1.7
   65 |   0.6054 |     18.054 |   0.9713 |     29.630 |     1.8
   66 |   0.5968 |     17.983 |   0.9708 |     29.182 |     1.8
   67 |   0.5850 |     17.798 |   0.9655 |     28.943 |     1.8
   68 |   0.5754 |     17.467 |   0.9688 |     29.450 |     1.8
   69 |   0.5664 |     16.988 |   0.9688 |     29.062 |     1.9
   70 |   0.5632 |     17.271 |   0.9636 |     28.644 |     1.9
   71 |   0.5547 |     16.928 |   0.9599 |     28.524 |     1.9
   72 |   0.5429 |     16.411 |   0.9613 |     28.375 |     2.0
   73 |   0.5376 |     16.357 |   0.9584 |     29.002 |     2.0
   74 |   0.5260 |     15.894 |   0.9658 |     28.883 |     2.0
   75 |   0.5218 |     15.513 |   0.9669 |     28.345 |     2.0
   76 |   0.5138 |     15.627 |   0.9617 |     28.524 |     2.1
   77 |   0.5054 |     15.121 |   0.9618 |     28.106 |     2.1
Early stopping

Model: Seq2Seq Multimodal Bi-LSTM
Source index: <Seq2Seq Index with 45 items>
Target index: <Seq2Seq Index with 34 items>
Encoder embedding dimension: 64
Descriptors dimension: 1136
Decoder embedding dimension: 128
Encoder hidden units: 128
Encoder layers: 2
Decoder hidden units: 64
Decoder layers: 4
Dropout: 0.1
Trainable parameters: 1,175,010

Training started
X_train.shape: torch.Size([3063, 649])
Y_train.shape: torch.Size([3063, 7])
X_dev.shape: torch.Size([558, 702])
Y_dev.shape: torch.Size([558, 7])
Epochs: 500
Learning rate: 0.0001
Weight decay: 0.0001
Epoch | Train                 | Development           | Minutes
      | Loss     | Error Rate | Loss     | Error Rate |
---------------------------------------------------------------
    1 |   3.4506 |     88.688 |   3.1975 |     83.333 |     0.0
    2 |   2.8683 |     83.121 |   2.6441 |     83.333 |     0.1
    3 |   2.5151 |     62.733 |   2.3625 |     58.632 |     0.1
    4 |   2.2940 |     57.487 |   2.1921 |     58.632 |     0.2
    5 |   2.1593 |     56.568 |   2.0805 |     53.136 |     0.2
    6 |   2.0641 |     55.898 |   1.9958 |     53.256 |     0.2
    7 |   1.9847 |     55.365 |   1.9191 |     53.136 |     0.3
    8 |   1.9141 |     53.727 |   1.8532 |     47.849 |     0.3
    9 |   1.8502 |     49.592 |   1.7938 |     47.760 |     0.4
   10 |   1.7931 |     48.944 |   1.7405 |     47.790 |     0.4
   11 |   1.7406 |     48.759 |   1.6906 |     47.790 |     0.4
   12 |   1.6917 |     48.716 |   1.6449 |     47.790 |     0.5
   13 |   1.6495 |     48.672 |   1.6066 |     47.790 |     0.5
   14 |   1.6127 |     47.818 |   1.5721 |     45.012 |     0.6
   15 |   1.5815 |     46.360 |   1.5442 |     45.012 |     0.6
   16 |   1.5556 |     46.333 |   1.5212 |     45.012 |     0.6
   17 |   1.5327 |     46.322 |   1.5012 |     44.982 |     0.7
   18 |   1.5148 |     46.322 |   1.4849 |     45.012 |     0.7
   19 |   1.4990 |     46.322 |   1.4708 |     45.012 |     0.8
   20 |   1.4861 |     46.316 |   1.4599 |     45.012 |     0.8
   21 |   1.4752 |     46.371 |   1.4498 |     45.012 |     0.8
   22 |   1.4651 |     46.322 |   1.4407 |     45.012 |     0.9
   23 |   1.4565 |     46.267 |   1.4351 |     45.012 |     0.9
   24 |   1.4483 |     46.403 |   1.4251 |     45.012 |     0.9
   25 |   1.4411 |     46.327 |   1.4186 |     45.012 |     1.0
   26 |   1.4331 |     46.409 |   1.4098 |     45.042 |     1.0
   27 |   1.4222 |     46.311 |   1.3989 |     44.892 |     1.1
   28 |   1.4103 |     45.979 |   1.3874 |     44.713 |     1.1
   29 |   1.3971 |     45.876 |   1.3715 |     44.504 |     1.1
   30 |   1.3836 |     45.652 |   1.3587 |     45.161 |     1.2
   31 |   1.3713 |     45.489 |   1.3435 |     45.102 |     1.2
   32 |   1.3551 |     45.408 |   1.3329 |     44.594 |     1.3
   33 |   1.3426 |     45.233 |   1.3211 |     43.847 |     1.3
   34 |   1.3308 |     44.950 |   1.3112 |     43.996 |     1.3
   35 |   1.3184 |     44.140 |   1.3008 |     43.728 |     1.4
   36 |   1.3078 |     43.704 |   1.2955 |     42.981 |     1.4
   37 |   1.2961 |     43.416 |   1.2847 |     43.399 |     1.5
   38 |   1.2875 |     43.133 |   1.2781 |     42.891 |     1.5
   39 |   1.2772 |     42.801 |   1.2707 |     42.802 |     1.5
   40 |   1.2676 |     42.050 |   1.2611 |     42.742 |     1.6
   41 |   1.2594 |     42.045 |   1.2548 |     43.220 |     1.6
   42 |   1.2493 |     42.029 |   1.2535 |     42.563 |     1.7
   43 |   1.2409 |     41.544 |   1.2448 |     41.756 |     1.7
   44 |   1.2326 |     41.327 |   1.2418 |     41.697 |     1.7
   45 |   1.2264 |     41.044 |   1.2439 |     41.786 |     1.8
   46 |   1.2214 |     40.799 |   1.2306 |     41.069 |     1.8
   47 |   1.2148 |     40.755 |   1.2309 |     41.338 |     1.9
   48 |   1.2073 |     40.505 |   1.2263 |     41.189 |     1.9
   49 |   1.2015 |     40.614 |   1.2229 |     41.398 |     1.9
   50 |   1.1929 |     40.227 |   1.2216 |     41.219 |     2.0
   51 |   1.1941 |     40.380 |   1.2143 |     41.398 |     2.0
   52 |   1.1844 |     39.993 |   1.2161 |     40.950 |     2.1
   53 |   1.1789 |     39.792 |   1.2091 |     40.920 |     2.1
   54 |   1.1720 |     39.564 |   1.2123 |     40.860 |     2.1
   55 |   1.1675 |     39.471 |   1.2021 |     40.890 |     2.2
   56 |   1.1613 |     39.215 |   1.2025 |     40.502 |     2.2
   57 |   1.1544 |     39.041 |   1.1959 |     40.472 |     2.2
   58 |   1.1481 |     38.834 |   1.1956 |     40.412 |     2.3
   59 |   1.1469 |     38.617 |   1.1948 |     40.382 |     2.3
   60 |   1.1355 |     38.339 |   1.1921 |     40.382 |     2.4
   61 |   1.1311 |     38.182 |   1.1856 |     40.054 |     2.4
   62 |   1.1274 |     37.893 |   1.1861 |     40.143 |     2.4
   63 |   1.1200 |     38.040 |   1.1856 |     40.562 |     2.5
   64 |   1.1167 |     37.779 |   1.1803 |     40.502 |     2.5
   65 |   1.1104 |     37.643 |   1.1839 |     40.502 |     2.6
   66 |   1.1043 |     37.496 |   1.1715 |     39.964 |     2.6
   67 |   1.0956 |     37.175 |   1.1746 |     39.606 |     2.6
   68 |   1.0929 |     37.023 |   1.1721 |     39.934 |     2.7
   69 |   1.0866 |     36.843 |   1.1700 |     40.084 |     2.7
   70 |   1.0819 |     36.642 |   1.1721 |     40.114 |     2.8
   71 |   1.0760 |     36.277 |   1.1718 |     40.442 |     2.8
   72 |   1.0750 |     36.424 |   1.1704 |     39.427 |     2.8
   73 |   1.0678 |     36.076 |   1.1681 |     38.560 |     2.9
   74 |   1.0650 |     35.842 |   1.1668 |     39.785 |     2.9
   75 |   1.0580 |     35.608 |   1.1612 |     39.875 |     3.0
   76 |   1.0512 |     35.172 |   1.1631 |     39.247 |     3.0
   77 |   1.0478 |     35.270 |   1.1592 |     38.680 |     3.0
   78 |   1.0430 |     35.406 |   1.1631 |     39.516 |     3.1
   79 |   1.0375 |     35.124 |   1.1609 |     39.068 |     3.1
   80 |   1.0357 |     34.770 |   1.1575 |     39.456 |     3.1
   81 |   1.0310 |     34.715 |   1.1598 |     38.381 |     3.2
   82 |   1.0235 |     34.601 |   1.1573 |     39.217 |     3.2
   83 |   1.0208 |     34.057 |   1.1567 |     38.889 |     3.3
   84 |   1.0166 |     34.182 |   1.1571 |     38.590 |     3.3
   85 |   1.0134 |     33.872 |   1.1547 |     39.158 |     3.3
   86 |   1.0086 |     33.839 |   1.1561 |     38.411 |     3.4
   87 |   1.0042 |     33.502 |   1.1542 |     38.560 |     3.4
   88 |   0.9978 |     33.605 |   1.1539 |     38.978 |     3.5
   89 |   0.9942 |     33.491 |   1.1598 |     38.501 |     3.5
   90 |   0.9938 |     33.306 |   1.1568 |     38.411 |     3.5
   91 |   0.9877 |     33.012 |   1.1592 |     38.053 |     3.6
   92 |   0.9849 |     32.903 |   1.1463 |     38.142 |     3.6
   93 |   0.9822 |     32.822 |   1.1624 |     38.292 |     3.7
   94 |   0.9803 |     32.757 |   1.1510 |     38.172 |     3.7
   95 |   0.9739 |     32.555 |   1.1518 |     38.262 |     3.7
   96 |   0.9685 |     32.403 |   1.1516 |     38.053 |     3.8
Early stopping

Model: Seq2Seq Multimodal Bi-LSTM
Source index: <Seq2Seq Index with 45 items>
Target index: <Seq2Seq Index with 34 items>
Encoder embedding dimension: 128
Descriptors dimension: 1136
Decoder embedding dimension: 64
Encoder hidden units: 128
Encoder layers: 4
Decoder hidden units: 64
Decoder layers: 4
Dropout: 0.1
Trainable parameters: 2,568,610

Training started
X_train.shape: torch.Size([3063, 649])
Y_train.shape: torch.Size([3063, 7])
X_dev.shape: torch.Size([558, 702])
Y_dev.shape: torch.Size([558, 7])
Epochs: 500
Learning rate: 0.0001
Weight decay: 0.0001
Epoch | Train                 | Development           | Minutes
      | Loss     | Error Rate | Loss     | Error Rate |
---------------------------------------------------------------
    1 |   3.4264 |     86.620 |   3.1192 |     83.333 |     0.1
    2 |   2.8199 |     82.838 |   2.6325 |     67.533 |     0.2
    3 |   2.5452 |     63.010 |   2.4238 |     58.632 |     0.2
    4 |   2.3577 |     58.853 |   2.2553 |     58.632 |     0.3
    5 |   2.2142 |     57.966 |   2.1292 |     58.632 |     0.4
    6 |   2.1033 |     56.568 |   2.0293 |     58.632 |     0.5
    7 |   2.0155 |     55.556 |   1.9508 |     53.136 |     0.6
    8 |   1.9436 |     54.870 |   1.8818 |     53.136 |     0.6
    9 |   1.8775 |     52.117 |   1.8177 |     47.760 |     0.7
   10 |   1.8153 |     49.216 |   1.7598 |     47.790 |     0.8
   11 |   1.7589 |     48.819 |   1.7041 |     47.760 |     0.9
   12 |   1.7059 |     48.716 |   1.6552 |     47.790 |     1.0
   13 |   1.6606 |     48.700 |   1.6142 |     47.820 |     1.0
   14 |   1.6216 |     48.634 |   1.5785 |     47.790 |     1.1
   15 |   1.5886 |     47.247 |   1.5498 |     45.012 |     1.2
   16 |   1.5616 |     46.333 |   1.5267 |     45.012 |     1.3
   17 |   1.5387 |     46.327 |   1.5057 |     45.012 |     1.4
   18 |   1.5196 |     46.316 |   1.4892 |     45.012 |     1.4
   19 |   1.5036 |     46.376 |   1.4745 |     45.012 |     1.5
   20 |   1.4899 |     46.420 |   1.4626 |     45.012 |     1.6
   21 |   1.4779 |     46.414 |   1.4522 |     45.012 |     1.7
   22 |   1.4677 |     46.343 |   1.4434 |     45.012 |     1.8
   23 |   1.4599 |     46.382 |   1.4357 |     45.579 |     1.9
   24 |   1.4526 |     46.327 |   1.4300 |     45.550 |     1.9
   25 |   1.4466 |     46.420 |   1.4237 |     45.579 |     2.0
   26 |   1.4409 |     46.463 |   1.4189 |     45.012 |     2.1
   27 |   1.4359 |     46.387 |   1.4159 |     45.012 |     2.2
   28 |   1.4324 |     46.338 |   1.4110 |     45.012 |     2.3
   29 |   1.4283 |     46.235 |   1.4073 |     45.012 |     2.4
   30 |   1.4252 |     46.360 |   1.4042 |     45.012 |     2.4
   31 |   1.4220 |     46.235 |   1.4027 |     45.012 |     2.5
   32 |   1.4182 |     46.164 |   1.3985 |     45.012 |     2.6
   33 |   1.4144 |     46.294 |   1.3957 |     44.952 |     2.7
   34 |   1.4102 |     46.305 |   1.3908 |     44.863 |     2.8
   35 |   1.4044 |     45.946 |   1.3836 |     44.654 |     2.9
   36 |   1.3962 |     45.881 |   1.3747 |     44.534 |     2.9
   37 |   1.3886 |     45.854 |   1.3667 |     44.415 |     3.0
   38 |   1.3812 |     45.505 |   1.3640 |     44.564 |     3.1
   39 |   1.3735 |     45.440 |   1.3582 |     44.385 |     3.2
   40 |   1.3647 |     45.097 |   1.3474 |     44.803 |     3.3
   41 |   1.3555 |     44.771 |   1.3427 |     44.534 |     3.3
   42 |   1.3479 |     44.793 |   1.3324 |     43.937 |     3.4
   43 |   1.3373 |     44.537 |   1.3281 |     43.847 |     3.5
   44 |   1.3301 |     44.357 |   1.3206 |     44.116 |     3.6
   45 |   1.3223 |     43.868 |   1.3151 |     43.608 |     3.7
   46 |   1.3167 |     43.677 |   1.3113 |     43.608 |     3.8
   47 |   1.3063 |     43.334 |   1.3060 |     43.160 |     3.9
   48 |   1.2989 |     43.128 |   1.2997 |     42.832 |     3.9
   49 |   1.2916 |     43.188 |   1.2953 |     41.876 |     4.0
   50 |   1.2825 |     42.839 |   1.2937 |     42.473 |     4.1
   51 |   1.2747 |     42.671 |   1.2848 |     42.115 |     4.2
   52 |   1.2700 |     42.551 |   1.2830 |     42.294 |     4.3
   53 |   1.2606 |     42.311 |   1.2850 |     42.025 |     4.4
   54 |   1.2547 |     42.197 |   1.2752 |     42.174 |     4.4
   55 |   1.2452 |     42.056 |   1.2722 |     42.264 |     4.5
   56 |   1.2391 |     41.795 |   1.2660 |     42.234 |     4.6
   57 |   1.2366 |     41.800 |   1.2711 |     42.204 |     4.7
   58 |   1.2293 |     41.593 |   1.2646 |     42.204 |     4.8
   59 |   1.2205 |     41.403 |   1.2688 |     41.935 |     4.9
   60 |   1.2160 |     41.049 |   1.2624 |     41.995 |     5.0
   61 |   1.2137 |     41.006 |   1.2539 |     41.159 |     5.0
   62 |   1.2052 |     40.538 |   1.2569 |     41.667 |     5.1
   63 |   1.2007 |     40.363 |   1.2525 |     41.816 |     5.2
   64 |   1.1950 |     40.211 |   1.2442 |     41.786 |     5.3
   65 |   1.1886 |     40.042 |   1.2468 |     41.010 |     5.4
   66 |   1.1819 |     39.700 |   1.2427 |     41.667 |     5.4
   67 |   1.1827 |     39.667 |   1.2400 |     41.308 |     5.5
   68 |   1.1786 |     39.716 |   1.2401 |     41.278 |     5.6
   69 |   1.1707 |     39.183 |   1.2371 |     40.980 |     5.7
   70 |   1.1649 |     39.221 |   1.2357 |     41.159 |     5.8
   71 |   1.1620 |     38.998 |   1.2330 |     40.591 |     5.8
   72 |   1.1609 |     39.019 |   1.2314 |     41.697 |     5.9
   73 |   1.1538 |     38.388 |   1.2319 |     40.293 |     6.0
   74 |   1.1499 |     38.530 |   1.2315 |     40.681 |     6.1
   75 |   1.1449 |     38.285 |   1.2357 |     41.607 |     6.2
   76 |   1.1424 |     38.399 |   1.2234 |     40.860 |     6.2
   77 |   1.1376 |     37.953 |   1.2304 |     40.890 |     6.3
   78 |   1.1335 |     38.122 |   1.2263 |     41.398 |     6.4
   79 |   1.1303 |     37.719 |   1.2229 |     40.084 |     6.5
   80 |   1.1258 |     37.730 |   1.2297 |     40.502 |     6.6
   81 |   1.1238 |     37.806 |   1.2236 |     40.203 |     6.7
   82 |   1.1171 |     37.480 |   1.2229 |     40.323 |     6.7
   83 |   1.1129 |     37.344 |   1.2232 |     40.681 |     6.8
   84 |   1.1126 |     37.338 |   1.2177 |     40.173 |     6.9
   85 |   1.1062 |     37.164 |   1.2195 |     40.352 |     7.0
   86 |   1.1039 |     37.267 |   1.2212 |     40.054 |     7.1
   87 |   1.1029 |     37.023 |   1.2162 |     40.293 |     7.1
   88 |   1.1011 |     37.093 |   1.2228 |     39.934 |     7.2
   89 |   1.0976 |     37.001 |   1.2202 |     40.233 |     7.3
   90 |   1.0909 |     36.511 |   1.2211 |     40.412 |     7.4
   91 |   1.0898 |     36.685 |   1.2152 |     39.994 |     7.5
   92 |   1.0850 |     36.424 |   1.2193 |     39.665 |     7.6
   93 |   1.0790 |     36.174 |   1.2200 |     39.217 |     7.6
   94 |   1.0789 |     36.146 |   1.2150 |     39.307 |     7.7
   95 |   1.0770 |     36.234 |   1.2229 |     39.367 |     7.8
   96 |   1.0753 |     35.842 |   1.2192 |     39.725 |     7.9
   97 |   1.0684 |     35.717 |   1.2156 |     39.934 |     8.0
   98 |   1.0659 |     35.570 |   1.2177 |     39.247 |     8.1
   99 |   1.0603 |     35.679 |   1.2063 |     38.680 |     8.1
  100 |   1.0564 |     35.439 |   1.2216 |     39.367 |     8.2
  101 |   1.0596 |     35.260 |   1.2130 |     39.755 |     8.3
  102 |   1.0546 |     35.368 |   1.2146 |     39.755 |     8.4
  103 |   1.0494 |     35.445 |   1.2162 |     39.337 |     8.5
Early stopping

Model: Seq2Seq Multimodal Bi-LSTM
Source index: <Seq2Seq Index with 45 items>
Target index: <Seq2Seq Index with 34 items>
Encoder embedding dimension: 64
Descriptors dimension: 1136
Decoder embedding dimension: 128
Encoder hidden units: 32
Encoder layers: 4
Decoder hidden units: 64
Decoder layers: 2
Dropout: 0.2
Trainable parameters: 387,426

Training started
X_train.shape: torch.Size([3063, 649])
Y_train.shape: torch.Size([3063, 7])
X_dev.shape: torch.Size([558, 702])
Y_dev.shape: torch.Size([558, 7])
Epochs: 500
Learning rate: 0.001
Weight decay: 1e-05
Epoch | Train                 | Development           | Minutes
      | Loss     | Error Rate | Loss     | Error Rate |
---------------------------------------------------------------
    1 |   2.4093 |     61.873 |   1.8088 |     47.790 |     0.0
    2 |   1.6468 |     48.204 |   1.4748 |     44.833 |     0.0
    3 |   1.4525 |     45.914 |   1.3907 |     44.803 |     0.1
    4 |   1.3860 |     45.326 |   1.3366 |     43.309 |     0.1
    5 |   1.3303 |     44.357 |   1.2808 |     42.652 |     0.1
    6 |   1.2734 |     42.061 |   1.2262 |     40.054 |     0.1
    7 |   1.2204 |     40.206 |   1.1913 |     39.516 |     0.1
    8 |   1.1736 |     38.187 |   1.1567 |     37.575 |     0.2
    9 |   1.1275 |     36.968 |   1.1270 |     37.575 |     0.2
   10 |   1.0829 |     35.134 |   1.1000 |     36.111 |     0.2
   11 |   1.0445 |     33.828 |   1.0764 |     35.544 |     0.2
   12 |   1.0140 |     32.952 |   1.0529 |     35.155 |     0.3
   13 |   0.9753 |     31.619 |   1.0316 |     34.020 |     0.3
   14 |   0.9445 |     30.678 |   1.0112 |     33.513 |     0.3
   15 |   0.9137 |     29.709 |   1.0073 |     33.065 |     0.3
   16 |   0.8835 |     28.708 |   0.9965 |     33.065 |     0.3
   17 |   0.8535 |     27.658 |   0.9853 |     32.139 |     0.4
   18 |   0.8275 |     26.787 |   0.9608 |     31.243 |     0.4
   19 |   0.8040 |     26.075 |   0.9491 |     30.854 |     0.4
   20 |   0.7767 |     25.003 |   0.9488 |     30.645 |     0.4
   21 |   0.7487 |     23.958 |   0.9366 |     30.466 |     0.5
   22 |   0.7329 |     23.457 |   0.9389 |     29.540 |     0.5
   23 |   0.7109 |     22.761 |   0.9375 |     29.809 |     0.5
   24 |   0.6967 |     22.173 |   0.9243 |     28.883 |     0.5
   25 |   0.6794 |     21.548 |   0.9300 |     28.554 |     0.5
   26 |   0.6591 |     20.797 |   0.9424 |     29.749 |     0.6
   27 |   0.6441 |     20.753 |   0.9146 |     28.704 |     0.6
   28 |   0.6281 |     20.057 |   0.9253 |     28.614 |     0.6
   29 |   0.6188 |     19.970 |   0.9270 |     28.793 |     0.6
   30 |   0.6030 |     19.306 |   0.9187 |     28.226 |     0.6
   31 |   0.5818 |     18.723 |   0.9080 |     27.838 |     0.7
   32 |   0.5759 |     18.560 |   0.9157 |     28.435 |     0.7
   33 |   0.5647 |     18.081 |   0.9142 |     28.047 |     0.7
   34 |   0.5486 |     18.054 |   0.9126 |     28.106 |     0.7
   35 |   0.5337 |     17.341 |   0.9201 |     27.599 |     0.7
Early stopping

Model: Seq2Seq Multimodal Bi-LSTM
Source index: <Seq2Seq Index with 45 items>
Target index: <Seq2Seq Index with 34 items>
Encoder embedding dimension: 128
Descriptors dimension: 1136
Decoder embedding dimension: 64
Encoder hidden units: 64
Encoder layers: 3
Decoder hidden units: 128
Decoder layers: 2
Dropout: 0.2
Trainable parameters: 895,202

Training started
X_train.shape: torch.Size([3063, 649])
Y_train.shape: torch.Size([3063, 7])
X_dev.shape: torch.Size([558, 702])
Y_dev.shape: torch.Size([558, 7])
Epochs: 500
Learning rate: 0.0001
Weight decay: 0.0001
Epoch | Train                 | Development           | Minutes
      | Loss     | Error Rate | Loss     | Error Rate |
---------------------------------------------------------------
    1 |   3.1813 |     85.336 |   2.6226 |     73.507 |     0.0
    2 |   2.3620 |     60.398 |   2.1062 |     55.585 |     0.1
    3 |   2.0097 |     52.878 |   1.8640 |     48.357 |     0.1
    4 |   1.8188 |     48.868 |   1.7091 |     47.491 |     0.1
    5 |   1.6840 |     48.634 |   1.5968 |     47.521 |     0.2
    6 |   1.5838 |     48.259 |   1.5153 |     47.401 |     0.2
    7 |   1.5133 |     46.305 |   1.4567 |     44.654 |     0.2
    8 |   1.4638 |     45.935 |   1.4201 |     44.594 |     0.3
    9 |   1.4286 |     45.544 |   1.3887 |     44.116 |     0.3
   10 |   1.3988 |     44.945 |   1.3649 |     43.250 |     0.3
   11 |   1.3747 |     44.608 |   1.3443 |     43.369 |     0.4
   12 |   1.3523 |     43.846 |   1.3292 |     42.503 |     0.4
   13 |   1.3306 |     43.024 |   1.3095 |     41.816 |     0.4
   14 |   1.3087 |     41.833 |   1.2908 |     40.980 |     0.4
   15 |   1.2876 |     41.229 |   1.2749 |     40.920 |     0.5
   16 |   1.2676 |     40.483 |   1.2569 |     40.203 |     0.5
   17 |   1.2482 |     39.700 |   1.2411 |     39.755 |     0.5
   18 |   1.2290 |     39.302 |   1.2274 |     39.576 |     0.6
   19 |   1.2087 |     38.443 |   1.2150 |     39.785 |     0.6
   20 |   1.1882 |     37.888 |   1.1993 |     38.530 |     0.6
   21 |   1.1718 |     37.403 |   1.1861 |     38.202 |     0.7
   22 |   1.1552 |     37.088 |   1.1729 |     37.873 |     0.7
   23 |   1.1378 |     36.478 |   1.1630 |     37.575 |     0.7
   24 |   1.1185 |     35.722 |   1.1493 |     37.455 |     0.8
   25 |   1.1027 |     35.488 |   1.1377 |     37.246 |     0.8
   26 |   1.0881 |     35.020 |   1.1313 |     37.157 |     0.8
   27 |   1.0732 |     34.705 |   1.1215 |     36.888 |     0.9
   28 |   1.0571 |     33.932 |   1.1128 |     35.783 |     0.9
   29 |   1.0426 |     33.529 |   1.1034 |     36.171 |     0.9
   30 |   1.0287 |     33.181 |   1.0940 |     35.305 |     1.0
   31 |   1.0151 |     32.724 |   1.0943 |     34.857 |     1.0
   32 |   1.0005 |     32.109 |   1.0809 |     34.558 |     1.0
   33 |   0.9873 |     31.478 |   1.0756 |     34.827 |     1.1
   34 |   0.9759 |     31.053 |   1.0671 |     34.080 |     1.1
   35 |   0.9588 |     30.417 |   1.0562 |     33.841 |     1.1
   36 |   0.9480 |     30.096 |   1.0517 |     33.333 |     1.2
   37 |   0.9354 |     29.818 |   1.0464 |     33.303 |     1.2
   38 |   0.9239 |     29.372 |   1.0400 |     33.005 |     1.2
   39 |   0.9098 |     28.719 |   1.0353 |     33.124 |     1.2
   40 |   0.8994 |     28.627 |   1.0291 |     32.796 |     1.3
   41 |   0.8882 |     28.017 |   1.0239 |     33.065 |     1.3
   42 |   0.8754 |     27.587 |   1.0203 |     32.407 |     1.4
   43 |   0.8610 |     27.114 |   1.0125 |     32.198 |     1.4
   44 |   0.8514 |     26.668 |   1.0138 |     32.796 |     1.4
   45 |   0.8413 |     26.461 |   1.0069 |     32.348 |     1.5
   46 |   0.8304 |     26.042 |   0.9985 |     31.900 |     1.5
   47 |   0.8183 |     25.786 |   0.9940 |     31.720 |     1.5
   48 |   0.8106 |     25.362 |   0.9912 |     31.601 |     1.6
   49 |   0.7979 |     25.122 |   0.9861 |     31.302 |     1.6
   50 |   0.7894 |     24.693 |   0.9815 |     31.511 |     1.6
   51 |   0.7785 |     24.518 |   0.9777 |     31.004 |     1.7
   52 |   0.7718 |     24.154 |   0.9794 |     30.884 |     1.7
   53 |   0.7594 |     23.768 |   0.9740 |     31.750 |     1.7
   54 |   0.7496 |     23.512 |   0.9672 |     30.974 |     1.7
   55 |   0.7410 |     23.060 |   0.9635 |     30.496 |     1.8
   56 |   0.7310 |     22.995 |   0.9630 |     29.928 |     1.8
   57 |   0.7209 |     22.565 |   0.9599 |     30.884 |     1.8
   58 |   0.7109 |     22.113 |   0.9621 |     30.167 |     1.9
   59 |   0.7059 |     22.097 |   0.9551 |     30.197 |     1.9
   60 |   0.6975 |     21.689 |   0.9457 |     29.898 |     1.9
   61 |   0.6863 |     21.373 |   0.9478 |     29.869 |     2.0
   62 |   0.6794 |     21.515 |   0.9461 |     29.600 |     2.0
   63 |   0.6714 |     20.867 |   0.9427 |     30.137 |     2.0
   64 |   0.6660 |     20.916 |   0.9371 |     29.570 |     2.1
   65 |   0.6576 |     20.350 |   0.9415 |     29.361 |     2.1
   66 |   0.6493 |     20.204 |   0.9358 |     29.659 |     2.1
   67 |   0.6442 |     20.171 |   0.9326 |     29.092 |     2.2
   68 |   0.6374 |     19.948 |   0.9351 |     29.211 |     2.2
   69 |   0.6268 |     19.714 |   0.9304 |     28.734 |     2.2
   70 |   0.6179 |     19.088 |   0.9292 |     28.763 |     2.2
   71 |   0.6136 |     19.093 |   0.9344 |     29.241 |     2.3
   72 |   0.6056 |     19.055 |   0.9322 |     28.674 |     2.3
   73 |   0.5998 |     18.821 |   0.9298 |     28.734 |     2.3
   74 |   0.5897 |     18.315 |   0.9411 |     28.614 |     2.4
Early stopping

Model: Seq2Seq Multimodal Bi-LSTM
Source index: <Seq2Seq Index with 45 items>
Target index: <Seq2Seq Index with 34 items>
Encoder embedding dimension: 128
Descriptors dimension: 1136
Decoder embedding dimension: 64
Encoder hidden units: 64
Encoder layers: 3
Decoder hidden units: 128
Decoder layers: 2
Dropout: 0.1
Trainable parameters: 895,202

Training started
X_train.shape: torch.Size([3063, 649])
Y_train.shape: torch.Size([3063, 7])
X_dev.shape: torch.Size([558, 702])
Y_dev.shape: torch.Size([558, 7])
Epochs: 500
Learning rate: 0.0001
Weight decay: 0.0001
Epoch | Train                 | Development           | Minutes
      | Loss     | Error Rate | Loss     | Error Rate |
---------------------------------------------------------------
    1 |   3.1367 |     77.555 |   2.5337 |     65.621 |     0.0
    2 |   2.2927 |     58.853 |   2.0857 |     56.900 |     0.1
    3 |   2.0090 |     55.403 |   1.8934 |     51.105 |     0.1
    4 |   1.8454 |     49.412 |   1.7502 |     48.566 |     0.1
    5 |   1.7167 |     48.743 |   1.6352 |     47.790 |     0.2
    6 |   1.6204 |     48.498 |   1.5562 |     45.191 |     0.2
    7 |   1.5483 |     46.463 |   1.4954 |     45.012 |     0.2
    8 |   1.4948 |     46.273 |   1.4491 |     45.042 |     0.3
    9 |   1.4505 |     46.148 |   1.4153 |     45.012 |     0.3
   10 |   1.4157 |     45.718 |   1.3868 |     44.773 |     0.3
   11 |   1.3863 |     45.408 |   1.3593 |     43.429 |     0.3
   12 |   1.3600 |     44.586 |   1.3406 |     42.981 |     0.4
   13 |   1.3369 |     43.699 |   1.3200 |     42.174 |     0.4
   14 |   1.3133 |     42.611 |   1.3051 |     42.174 |     0.4
   15 |   1.2915 |     41.931 |   1.2850 |     41.249 |     0.5
   16 |   1.2728 |     41.430 |   1.2735 |     40.860 |     0.5
   17 |   1.2560 |     40.543 |   1.2627 |     40.442 |     0.5
   18 |   1.2378 |     39.814 |   1.2493 |     40.143 |     0.6
   19 |   1.2204 |     39.204 |   1.2396 |     39.994 |     0.6
   20 |   1.2041 |     38.769 |   1.2248 |     39.427 |     0.6
   21 |   1.1880 |     37.980 |   1.2168 |     39.068 |     0.7
   22 |   1.1696 |     37.393 |   1.2038 |     38.202 |     0.7
   23 |   1.1539 |     36.457 |   1.1939 |     38.053 |     0.7
   24 |   1.1356 |     36.321 |   1.1832 |     37.963 |     0.8
   25 |   1.1193 |     35.510 |   1.1688 |     37.276 |     0.8
   26 |   1.1028 |     35.075 |   1.1545 |     36.708 |     0.8
   27 |   1.0865 |     34.688 |   1.1484 |     37.276 |     0.9
   28 |   1.0725 |     34.280 |   1.1419 |     37.395 |     0.9
   29 |   1.0562 |     33.725 |   1.1291 |     36.708 |     1.0
   30 |   1.0403 |     33.333 |   1.1260 |     37.067 |     1.0
   31 |   1.0291 |     32.849 |   1.1085 |     35.842 |     1.0
   32 |   1.0148 |     32.468 |   1.1036 |     35.872 |     1.0
   33 |   0.9980 |     31.489 |   1.0957 |     35.783 |     1.1
   34 |   0.9847 |     31.206 |   1.0889 |     35.753 |     1.1
   35 |   0.9704 |     30.727 |   1.0809 |     35.275 |     1.1
   36 |   0.9584 |     30.324 |   1.0760 |     35.484 |     1.2
   37 |   0.9418 |     29.709 |   1.0738 |     35.215 |     1.2
   38 |   0.9314 |     29.378 |   1.0625 |     34.558 |     1.2
   39 |   0.9177 |     28.627 |   1.0524 |     34.409 |     1.3
   40 |   0.9045 |     28.371 |   1.0503 |     33.990 |     1.3
   41 |   0.8917 |     27.854 |   1.0437 |     33.751 |     1.3
   42 |   0.8818 |     27.506 |   1.0425 |     33.453 |     1.4
   43 |   0.8688 |     27.011 |   1.0411 |     32.855 |     1.4
   44 |   0.8583 |     26.945 |   1.0302 |     32.975 |     1.4
   45 |   0.8475 |     26.423 |   1.0290 |     32.676 |     1.5
   46 |   0.8358 |     26.096 |   1.0160 |     32.557 |     1.5
   47 |   0.8221 |     25.520 |   1.0184 |     32.766 |     1.5
   48 |   0.8130 |     25.117 |   1.0168 |     32.437 |     1.6
   49 |   0.8038 |     24.916 |   1.0143 |     32.676 |     1.6
   50 |   0.7926 |     24.442 |   1.0041 |     32.198 |     1.6
   51 |   0.7801 |     24.007 |   1.0009 |     31.989 |     1.6
   52 |   0.7695 |     23.757 |   0.9978 |     31.511 |     1.7
   53 |   0.7600 |     23.441 |   1.0014 |     31.243 |     1.7
   54 |   0.7492 |     22.979 |   0.9918 |     31.571 |     1.7
   55 |   0.7387 |     22.581 |   0.9922 |     31.392 |     1.8
   56 |   0.7322 |     22.336 |   0.9884 |     31.123 |     1.8
   57 |   0.7201 |     21.945 |   0.9784 |     31.063 |     1.8
   58 |   0.7134 |     21.912 |   0.9873 |     30.675 |     1.9
   59 |   0.7051 |     21.509 |   0.9777 |     30.854 |     1.9
   60 |   0.6948 |     21.243 |   0.9814 |     31.123 |     1.9
   61 |   0.6834 |     20.797 |   0.9817 |     30.526 |     2.0
   62 |   0.6771 |     20.666 |   0.9704 |     30.048 |     2.0
   63 |   0.6675 |     20.389 |   0.9730 |     30.346 |     2.0
   64 |   0.6637 |     20.378 |   0.9740 |     30.376 |     2.1
   65 |   0.6542 |     20.057 |   0.9715 |     30.137 |     2.1
   66 |   0.6430 |     19.600 |   0.9681 |     30.317 |     2.1
   67 |   0.6362 |     19.278 |   0.9695 |     29.809 |     2.2
   68 |   0.6305 |     19.289 |   0.9588 |     29.779 |     2.2
   69 |   0.6186 |     18.598 |   0.9620 |     29.331 |     2.2
   70 |   0.6137 |     18.811 |   0.9664 |     29.689 |     2.2
   71 |   0.6051 |     18.386 |   0.9601 |     29.480 |     2.3
   72 |   0.5965 |     18.174 |   0.9669 |     29.391 |     2.3
   73 |   0.5917 |     18.043 |   0.9562 |     28.943 |     2.3
   74 |   0.5855 |     18.087 |   0.9586 |     28.913 |     2.4
   75 |   0.5753 |     17.537 |   0.9687 |     28.943 |     2.4
   76 |   0.5746 |     17.505 |   0.9632 |     29.331 |     2.4
   77 |   0.5634 |     17.184 |   0.9683 |     28.763 |     2.5
Early stopping

Model: Seq2Seq Multimodal Bi-LSTM
Source index: <Seq2Seq Index with 45 items>
Target index: <Seq2Seq Index with 34 items>
Encoder embedding dimension: 64
Descriptors dimension: 1136
Decoder embedding dimension: 128
Encoder hidden units: 128
Encoder layers: 2
Decoder hidden units: 128
Decoder layers: 3
Dropout: 0.1
Trainable parameters: 1,489,506

Training started
X_train.shape: torch.Size([3063, 649])
Y_train.shape: torch.Size([3063, 7])
X_dev.shape: torch.Size([558, 702])
Y_dev.shape: torch.Size([558, 7])
Epochs: 500
Learning rate: 0.0001
Weight decay: 0.0001
Epoch | Train                 | Development           | Minutes
      | Loss     | Error Rate | Loss     | Error Rate |
---------------------------------------------------------------
    1 |   3.1592 |     80.466 |   2.6152 |     83.035 |     0.5
    2 |   2.3902 |     60.850 |   2.1745 |     58.602 |     1.0
    3 |   2.0858 |     56.508 |   1.9582 |     53.136 |     1.8
    4 |   1.9152 |     53.042 |   1.8165 |     47.760 |     2.5
    5 |   1.7884 |     48.874 |   1.7022 |     47.760 |     3.2
    6 |   1.6887 |     48.705 |   1.6189 |     47.760 |     3.7
    7 |   1.6115 |     48.607 |   1.5521 |     47.760 |     4.2
    8 |   1.5535 |     46.621 |   1.5059 |     45.012 |     4.8
    9 |   1.5110 |     46.338 |   1.4707 |     44.982 |     5.3
   10 |   1.4804 |     46.365 |   1.4453 |     45.579 |     5.8
   11 |   1.4566 |     46.414 |   1.4252 |     44.534 |     6.4
   12 |   1.4388 |     46.371 |   1.4092 |     45.579 |     7.0
   13 |   1.4227 |     46.235 |   1.3974 |     45.609 |     7.6
   14 |   1.4083 |     46.180 |   1.3812 |     44.564 |     8.1
   15 |   1.3922 |     46.022 |   1.3690 |     45.012 |     8.6
   16 |   1.3767 |     45.647 |   1.3570 |     44.504 |     9.1
   17 |   1.3627 |     45.114 |   1.3426 |     44.176 |     9.7
   18 |   1.3481 |     44.439 |   1.3296 |     43.668 |    10.2
   19 |   1.3359 |     44.395 |   1.3196 |     43.100 |    10.8
   20 |   1.3242 |     44.210 |   1.3133 |     43.160 |    11.5
   21 |   1.3126 |     43.748 |   1.3029 |     43.309 |    12.4
   22 |   1.3006 |     43.438 |   1.2957 |     43.548 |    13.2
   23 |   1.2928 |     43.476 |   1.2885 |     42.384 |    14.1
   24 |   1.2816 |     43.046 |   1.2799 |     43.160 |    14.7
   25 |   1.2696 |     42.807 |   1.2735 |     42.951 |    15.4
   26 |   1.2592 |     42.692 |   1.2659 |     42.891 |    16.0
   27 |   1.2472 |     42.382 |   1.2606 |     42.324 |    16.7
   28 |   1.2347 |     41.795 |   1.2452 |     42.055 |    17.2
   29 |   1.2196 |     41.441 |   1.2341 |     42.115 |    17.9
   30 |   1.2067 |     40.989 |   1.2262 |     41.547 |    18.5
   31 |   1.1911 |     40.788 |   1.2109 |     41.129 |    19.2
   32 |   1.1784 |     40.266 |   1.2078 |     41.517 |    19.7
   33 |   1.1625 |     40.064 |   1.1957 |     40.800 |    20.3
   34 |   1.1499 |     39.825 |   1.1862 |     40.382 |    20.8
   35 |   1.1367 |     39.172 |   1.1835 |     39.665 |    21.4
   36 |   1.1230 |     38.971 |   1.1764 |     40.890 |    21.9
   37 |   1.1083 |     38.154 |   1.1805 |     40.114 |    22.4
   38 |   1.0989 |     37.844 |   1.1607 |     39.636 |    23.4
   39 |   1.0847 |     37.322 |   1.1623 |     39.576 |    24.9
   40 |   1.0713 |     36.707 |   1.1564 |     39.068 |    26.5
   41 |   1.0580 |     35.972 |   1.1429 |     38.142 |    27.3
   42 |   1.0458 |     35.542 |   1.1368 |     37.694 |    27.9
   43 |   1.0314 |     35.053 |   1.1328 |     37.903 |    28.4
   44 |   1.0212 |     34.628 |   1.1292 |     38.082 |    28.9
   45 |   1.0089 |     34.373 |   1.1244 |     38.620 |    29.5
   46 |   0.9994 |     33.899 |   1.1161 |     37.306 |    30.0
   47 |   0.9875 |     33.208 |   1.1190 |     37.605 |    30.5
   48 |   0.9762 |     32.816 |   1.1177 |     37.575 |    31.1
   49 |   0.9637 |     32.147 |   1.1063 |     37.306 |    31.6
   50 |   0.9551 |     31.549 |   1.1008 |     36.499 |    32.2
   51 |   0.9389 |     30.852 |   1.1046 |     35.753 |    32.7
   52 |   0.9297 |     30.520 |   1.1046 |     35.125 |    33.2
   53 |   0.9219 |     30.422 |   1.1027 |     35.783 |    33.8
   54 |   0.9097 |     29.584 |   1.0984 |     35.185 |    34.3
   55 |   0.8980 |     29.182 |   1.0891 |     34.797 |    34.8
   56 |   0.8873 |     28.572 |   1.0921 |     35.155 |    35.4
   57 |   0.8797 |     28.262 |   1.0903 |     34.110 |    35.9
   58 |   0.8665 |     28.001 |   1.0856 |     34.707 |    36.4
   59 |   0.8584 |     27.642 |   1.0770 |     33.811 |    37.0
   60 |   0.8454 |     27.136 |   1.0757 |     34.259 |    37.5
   61 |   0.8341 |     27.016 |   1.0749 |     33.961 |    38.0
   62 |   0.8243 |     26.602 |   1.0725 |     33.901 |    38.6
   63 |   0.8172 |     26.265 |   1.0578 |     33.841 |    39.2
   64 |   0.8034 |     25.612 |   1.0625 |     33.423 |    39.7
   65 |   0.7983 |     25.541 |   1.0660 |     34.080 |    40.2
   66 |   0.7872 |     25.307 |   1.0545 |     33.393 |    40.8
   67 |   0.7795 |     25.090 |   1.0559 |     33.513 |    41.3
   68 |   0.7700 |     24.589 |   1.0514 |     32.945 |    42.0
   69 |   0.7654 |     24.540 |   1.0552 |     33.632 |    42.5
   70 |   0.7541 |     24.170 |   1.0542 |     33.124 |    43.0
   71 |   0.7463 |     23.974 |   1.0445 |     32.855 |    43.6
   72 |   0.7424 |     24.018 |   1.0535 |     32.318 |    44.1
   73 |   0.7313 |     23.659 |   1.0496 |     32.407 |    44.6
   74 |   0.7229 |     23.087 |   1.0476 |     32.527 |    45.2
   75 |   0.7197 |     23.251 |   1.0440 |     32.497 |    45.7
   76 |   0.7095 |     22.881 |   1.0460 |     32.915 |    46.3
   77 |   0.7044 |     22.462 |   1.0362 |     31.989 |    46.8
   78 |   0.6950 |     22.162 |   1.0418 |     32.049 |    47.3
   79 |   0.6914 |     22.092 |   1.0476 |     32.557 |    47.8
   80 |   0.6852 |     22.070 |   1.0407 |     32.796 |    48.5
   81 |   0.6745 |     21.667 |   1.0437 |     32.139 |    49.0
   82 |   0.6691 |     21.422 |   1.0321 |     31.989 |    49.6
   83 |   0.6596 |     20.835 |   1.0401 |     31.840 |    50.1
   84 |   0.6560 |     20.900 |   1.0402 |     31.511 |    50.7
   85 |   0.6496 |     20.644 |   1.0379 |     31.243 |    51.2
   86 |   0.6452 |     20.650 |   1.0358 |     31.272 |    51.8
Early stopping

Model: Seq2Seq Multimodal Bi-LSTM
Source index: <Seq2Seq Index with 45 items>
Target index: <Seq2Seq Index with 34 items>
Encoder embedding dimension: 128
Descriptors dimension: 1136
Decoder embedding dimension: 64
Encoder hidden units: 128
Encoder layers: 3
Decoder hidden units: 64
Decoder layers: 4
Dropout: 0.2
Trainable parameters: 1,880,354

Training started
X_train.shape: torch.Size([3063, 649])
Y_train.shape: torch.Size([3063, 7])
X_dev.shape: torch.Size([558, 702])
Y_dev.shape: torch.Size([558, 7])
Epochs: 500
Learning rate: 0.0001
Weight decay: 0.0001
Epoch | Train                 | Development           | Minutes
      | Loss     | Error Rate | Loss     | Error Rate |
---------------------------------------------------------------
    1 |   3.4051 |     86.266 |   3.0825 |     83.333 |     0.7
    2 |   2.8336 |     82.996 |   2.6566 |     81.661 |     1.6
    3 |   2.5518 |     65.268 |   2.4040 |     58.632 |     2.4
    4 |   2.3390 |     58.336 |   2.2213 |     58.632 |     3.2
    5 |   2.1987 |     57.444 |   2.1046 |     58.632 |     4.0
    6 |   2.0987 |     56.606 |   2.0139 |     53.136 |     4.9
    7 |   2.0169 |     55.833 |   1.9391 |     53.136 |     5.7
    8 |   1.9480 |     54.745 |   1.8768 |     50.119 |     6.5
    9 |   1.8875 |     51.948 |   1.8240 |     47.760 |     7.3
   10 |   1.8382 |     49.744 |   1.7779 |     47.790 |     8.2
   11 |   1.7921 |     49.227 |   1.7361 |     47.790 |     9.0
   12 |   1.7508 |     48.917 |   1.6973 |     47.790 |     9.8
   13 |   1.7128 |     48.814 |   1.6628 |     47.790 |    10.7
   14 |   1.6766 |     48.645 |   1.6276 |     47.790 |    11.5
   15 |   1.6415 |     47.405 |   1.5945 |     44.982 |    12.3
   16 |   1.6084 |     46.474 |   1.5649 |     45.012 |    13.2
   17 |   1.5802 |     46.349 |   1.5391 |     45.012 |    14.0
   18 |   1.5548 |     46.322 |   1.5173 |     45.012 |    14.8
   19 |   1.5334 |     46.322 |   1.4986 |     45.012 |    15.6
   20 |   1.5162 |     46.322 |   1.4831 |     45.012 |    16.5
   21 |   1.5013 |     46.322 |   1.4709 |     45.012 |    17.3
   22 |   1.4893 |     46.322 |   1.4594 |     45.012 |    18.2
   23 |   1.4780 |     46.322 |   1.4504 |     44.982 |    19.1
   24 |   1.4677 |     46.316 |   1.4417 |     45.012 |    19.9
   25 |   1.4594 |     46.327 |   1.4330 |     45.012 |    20.7
   26 |   1.4509 |     46.322 |   1.4251 |     45.012 |    21.5
   27 |   1.4420 |     46.333 |   1.4168 |     45.012 |    22.3
   28 |   1.4347 |     46.327 |   1.4086 |     45.012 |    23.1
   29 |   1.4253 |     46.327 |   1.4015 |     45.012 |    23.9
   30 |   1.4154 |     46.316 |   1.3927 |     45.012 |    24.7
   31 |   1.4049 |     46.213 |   1.3884 |     45.012 |    25.5
   32 |   1.3950 |     46.316 |   1.3703 |     45.012 |    26.3
   33 |   1.3806 |     46.191 |   1.3590 |     44.803 |    27.1
   34 |   1.3683 |     45.957 |   1.3466 |     44.654 |    27.9
   35 |   1.3557 |     45.288 |   1.3412 |     44.504 |    28.6
   36 |   1.3464 |     45.174 |   1.3325 |     43.817 |    29.4
   37 |   1.3371 |     44.907 |   1.3220 |     43.847 |    30.2
   38 |   1.3277 |     44.483 |   1.3145 |     43.907 |    31.0
   39 |   1.3208 |     44.417 |   1.3078 |     43.578 |    31.8
   40 |   1.3122 |     44.145 |   1.3011 |     43.309 |    32.6
   41 |   1.3058 |     43.699 |   1.3006 |     43.160 |    33.4
   42 |   1.2989 |     43.889 |   1.3000 |     43.578 |    34.3
   43 |   1.2924 |     43.509 |   1.2939 |     42.772 |    35.1
   44 |   1.2871 |     43.367 |   1.2857 |     43.041 |    35.9
   45 |   1.2820 |     43.383 |   1.2847 |     43.160 |    36.7
   46 |   1.2747 |     43.258 |   1.2795 |     42.354 |    37.5
   47 |   1.2696 |     43.139 |   1.2782 |     43.728 |    38.3
   48 |   1.2647 |     42.926 |   1.2742 |     42.563 |    39.1
   49 |   1.2582 |     42.856 |   1.2700 |     42.384 |    39.9
   50 |   1.2549 |     42.594 |   1.2666 |     42.324 |    40.7
   51 |   1.2484 |     42.447 |   1.2680 |     42.622 |    41.4
   52 |   1.2455 |     42.513 |   1.2607 |     42.832 |    42.2
   53 |   1.2403 |     42.415 |   1.2657 |     41.935 |    43.0
   54 |   1.2361 |     42.366 |   1.2556 |     42.473 |    43.8
   55 |   1.2307 |     42.203 |   1.2539 |     42.324 |    44.6
   56 |   1.2270 |     42.154 |   1.2490 |     42.354 |    45.4
   57 |   1.2222 |     41.789 |   1.2472 |     41.846 |    46.2
   58 |   1.2187 |     42.034 |   1.2488 |     42.503 |    47.0
   59 |   1.2158 |     41.718 |   1.2498 |     43.250 |    47.8
   60 |   1.2109 |     41.822 |   1.2482 |     42.503 |    48.6
   61 |   1.2070 |     41.724 |   1.2426 |     42.593 |    49.4
   62 |   1.2037 |     41.283 |   1.2416 |     42.324 |    50.2
   63 |   1.1990 |     41.408 |   1.2389 |     42.473 |    51.0
   64 |   1.1947 |     41.234 |   1.2414 |     42.234 |    51.8
   65 |   1.1923 |     41.261 |   1.2361 |     42.264 |    52.6
   66 |   1.1881 |     41.033 |   1.2329 |     42.234 |    53.4
   67 |   1.1819 |     40.712 |   1.2375 |     41.906 |    54.2
   68 |   1.1806 |     40.728 |   1.2343 |     42.324 |    54.9
   69 |   1.1759 |     40.456 |   1.2330 |     41.786 |    55.7
   70 |   1.1743 |     40.445 |   1.2319 |     42.443 |    56.5
   71 |   1.1726 |     40.358 |   1.2289 |     42.264 |    57.3
   72 |   1.1648 |     39.944 |   1.2335 |     41.846 |    58.1
   73 |   1.1626 |     39.977 |   1.2239 |     42.593 |    58.9
   74 |   1.1581 |     39.993 |   1.2269 |     42.473 |    59.7
   75 |   1.1567 |     39.721 |   1.2265 |     42.085 |    60.6
   76 |   1.1496 |     39.389 |   1.2244 |     42.204 |    61.4
   77 |   1.1475 |     39.689 |   1.2229 |     41.697 |    62.2
   78 |   1.1459 |     39.520 |   1.2186 |     41.458 |    63.0
   79 |   1.1405 |     39.498 |   1.2171 |     41.368 |    63.8
   80 |   1.1361 |     39.221 |   1.2154 |     41.487 |    64.6
   81 |   1.1311 |     39.156 |   1.2221 |     41.965 |    65.4
   82 |   1.1302 |     39.068 |   1.2196 |     41.816 |    66.2
   83 |   1.1254 |     38.747 |   1.2111 |     41.338 |    67.0
   84 |   1.1225 |     38.829 |   1.2086 |     40.651 |    67.8
   85 |   1.1187 |     38.834 |   1.2171 |     42.115 |    68.5
   86 |   1.1138 |     38.611 |   1.2094 |     41.368 |    69.3
   87 |   1.1100 |     38.459 |   1.2124 |     41.607 |    70.1
   88 |   1.1052 |     38.274 |   1.2124 |     40.920 |    70.9
Early stopping

Model: Seq2Seq Multimodal Bi-LSTM
Source index: <Seq2Seq Index with 45 items>
Target index: <Seq2Seq Index with 34 items>
Encoder embedding dimension: 128
Descriptors dimension: 1136
Decoder embedding dimension: 128
Encoder hidden units: 32
Encoder layers: 2
Decoder hidden units: 128
Decoder layers: 4
Dropout: 0.2
Trainable parameters: 719,074

Training started
X_train.shape: torch.Size([3063, 649])
Y_train.shape: torch.Size([3063, 7])
X_dev.shape: torch.Size([558, 702])
Y_dev.shape: torch.Size([558, 7])
Epochs: 500
Learning rate: 0.0001
Weight decay: 0.0001
Epoch | Train                 | Development           | Minutes
      | Loss     | Error Rate | Loss     | Error Rate |
---------------------------------------------------------------
    1 |   3.2608 |     86.380 |   2.7398 |     81.661 |     0.0
    2 |   2.5773 |     71.330 |   2.3480 |     58.632 |     0.0
    3 |   2.1903 |     57.068 |   2.0192 |     56.780 |     0.1
    4 |   1.9722 |     54.206 |   1.8615 |     47.760 |     0.1
    5 |   1.8395 |     49.668 |   1.7493 |     47.790 |     0.1
    6 |   1.7387 |     48.808 |   1.6594 |     47.790 |     0.1
    7 |   1.6526 |     48.700 |   1.5821 |     47.760 |     0.2
    8 |   1.5815 |     47.464 |   1.5235 |     45.012 |     0.2
    9 |   1.5305 |     46.327 |   1.4871 |     45.012 |     0.2
   10 |   1.4961 |     46.311 |   1.4573 |     45.012 |     0.2
   11 |   1.4722 |     46.300 |   1.4387 |     45.012 |     0.3
   12 |   1.4550 |     46.485 |   1.4266 |     45.012 |     0.3
   13 |   1.4418 |     46.409 |   1.4145 |     45.012 |     0.3
   14 |   1.4296 |     46.354 |   1.4027 |     45.012 |     0.3
   15 |   1.4187 |     46.469 |   1.3909 |     45.669 |     0.4
   16 |   1.4073 |     46.311 |   1.3821 |     45.579 |     0.4
   17 |   1.3962 |     46.382 |   1.3681 |     45.012 |     0.4
   18 |   1.3839 |     46.224 |   1.3587 |     44.833 |     0.4
   19 |   1.3731 |     45.718 |   1.3487 |     44.534 |     0.5
   20 |   1.3630 |     45.424 |   1.3459 |     44.325 |     0.5
   21 |   1.3533 |     45.184 |   1.3352 |     44.116 |     0.5
   22 |   1.3462 |     45.206 |   1.3279 |     43.608 |     0.5
   23 |   1.3388 |     45.174 |   1.3228 |     44.026 |     0.6
   24 |   1.3301 |     45.059 |   1.3133 |     43.937 |     0.6
   25 |   1.3207 |     45.016 |   1.3067 |     43.608 |     0.6
   26 |   1.3135 |     45.168 |   1.3000 |     44.295 |     0.6
   27 |   1.3056 |     44.521 |   1.2947 |     43.250 |     0.7
   28 |   1.2976 |     44.700 |   1.2873 |     43.011 |     0.7
   29 |   1.2895 |     44.401 |   1.2806 |     43.578 |     0.7
   30 |   1.2831 |     44.167 |   1.2745 |     42.951 |     0.7
   31 |   1.2739 |     43.759 |   1.2685 |     42.921 |     0.8
   32 |   1.2684 |     43.394 |   1.2620 |     42.234 |     0.8
   33 |   1.2610 |     43.378 |   1.2593 |     42.622 |     0.8
   34 |   1.2509 |     42.556 |   1.2505 |     41.577 |     0.8
   35 |   1.2442 |     42.393 |   1.2447 |     41.995 |     0.9
   36 |   1.2351 |     41.980 |   1.2434 |     42.324 |     0.9
   37 |   1.2283 |     41.805 |   1.2333 |     41.159 |     0.9
   38 |   1.2182 |     41.250 |   1.2254 |     41.577 |     0.9
   39 |   1.2116 |     41.033 |   1.2185 |     40.830 |     1.0
   40 |   1.2052 |     41.087 |   1.2139 |     40.591 |     1.0
   41 |   1.1991 |     40.739 |   1.2100 |     40.114 |     1.0
   42 |   1.1907 |     40.663 |   1.2100 |     40.890 |     1.0
   43 |   1.1851 |     40.217 |   1.2013 |     40.681 |     1.1
   44 |   1.1747 |     40.032 |   1.1949 |     39.845 |     1.1
   45 |   1.1715 |     40.168 |   1.1928 |     39.875 |     1.1
   46 |   1.1629 |     39.580 |   1.1862 |     39.665 |     1.1
   47 |   1.1563 |     39.602 |   1.1801 |     39.367 |     1.2
   48 |   1.1510 |     39.379 |   1.1824 |     39.785 |     1.2
   49 |   1.1442 |     39.009 |   1.1757 |     39.546 |     1.2
   50 |   1.1389 |     38.845 |   1.1722 |     39.247 |     1.2
   51 |   1.1295 |     38.481 |   1.1706 |     39.367 |     1.3
   52 |   1.1274 |     38.290 |   1.1774 |     40.293 |     1.3
   53 |   1.1204 |     38.394 |   1.1637 |     39.755 |     1.3
   54 |   1.1152 |     37.801 |   1.1640 |     39.307 |     1.3
   55 |   1.1074 |     37.681 |   1.1564 |     39.904 |     1.4
   56 |   1.1035 |     37.632 |   1.1552 |     38.560 |     1.4
   57 |   1.0945 |     37.246 |   1.1580 |     38.978 |     1.4
   58 |   1.0919 |     37.338 |   1.1558 |     39.516 |     1.4
   59 |   1.0865 |     37.420 |   1.1481 |     38.740 |     1.5
   60 |   1.0811 |     36.870 |   1.1509 |     38.978 |     1.5
   61 |   1.0726 |     36.783 |   1.1448 |     38.560 |     1.5
   62 |   1.0694 |     36.696 |   1.1418 |     38.620 |     1.5
   63 |   1.0620 |     36.331 |   1.1369 |     39.068 |     1.6
   64 |   1.0612 |     36.375 |   1.1397 |     38.053 |     1.6
   65 |   1.0551 |     36.157 |   1.1335 |     38.471 |     1.6
   66 |   1.0508 |     36.087 |   1.1349 |     38.889 |     1.6
   67 |   1.0451 |     35.635 |   1.1280 |     37.814 |     1.7
   68 |   1.0402 |     35.461 |   1.1294 |     38.202 |     1.7
   69 |   1.0382 |     35.559 |   1.1230 |     37.873 |     1.7
   70 |   1.0313 |     35.466 |   1.1323 |     37.575 |     1.7
   71 |   1.0304 |     35.466 |   1.1243 |     37.993 |     1.8
   72 |   1.0234 |     35.140 |   1.1220 |     38.142 |     1.8
   73 |   1.0200 |     35.134 |   1.1268 |     38.411 |     1.8
   74 |   1.0146 |     34.993 |   1.1210 |     38.590 |     1.8
   75 |   1.0069 |     34.498 |   1.1189 |     37.545 |     1.9
   76 |   1.0016 |     34.405 |   1.1134 |     37.336 |     1.9
   77 |   0.9970 |     34.318 |   1.1209 |     37.216 |     1.9
   78 |   0.9963 |     34.465 |   1.1126 |     37.186 |     1.9
   79 |   0.9887 |     34.139 |   1.1129 |     37.097 |     1.9
   80 |   0.9839 |     33.856 |   1.1097 |     37.097 |     2.0
   81 |   0.9808 |     33.959 |   1.1072 |     37.336 |     2.0
   82 |   0.9766 |     33.818 |   1.1091 |     37.485 |     2.0
   83 |   0.9715 |     33.758 |   1.1074 |     37.007 |     2.0
   84 |   0.9663 |     33.197 |   1.1066 |     37.037 |     2.1
   85 |   0.9622 |     33.235 |   1.1106 |     36.918 |     2.1
   86 |   0.9579 |     33.170 |   1.1054 |     36.111 |     2.1
   87 |   0.9528 |     32.827 |   1.1094 |     36.559 |     2.1
   88 |   0.9541 |     33.371 |   1.1066 |     37.067 |     2.2
   89 |   0.9454 |     32.914 |   1.0994 |     36.470 |     2.2
   90 |   0.9403 |     32.550 |   1.0993 |     36.201 |     2.2
   91 |   0.9390 |     32.523 |   1.0990 |     36.260 |     2.2
   92 |   0.9341 |     32.403 |   1.0939 |     35.962 |     2.3
   93 |   0.9294 |     32.321 |   1.1009 |     36.201 |     2.3
   94 |   0.9271 |     31.951 |   1.0900 |     35.753 |     2.3
   95 |   0.9226 |     32.153 |   1.0960 |     35.992 |     2.3
   96 |   0.9202 |     31.815 |   1.0993 |     35.962 |     2.4
   97 |   0.9151 |     31.625 |   1.0916 |     35.842 |     2.4
   98 |   0.9105 |     31.614 |   1.0908 |     35.335 |     2.4
Early stopping

Model: Seq2Seq Multimodal Bi-LSTM
Source index: <Seq2Seq Index with 45 items>
Target index: <Seq2Seq Index with 34 items>
Encoder embedding dimension: 64
Descriptors dimension: 1136
Decoder embedding dimension: 64
Encoder hidden units: 64
Encoder layers: 3
Decoder hidden units: 64
Decoder layers: 4
Dropout: 0.0
Trainable parameters: 709,922

Training started
X_train.shape: torch.Size([3063, 649])
Y_train.shape: torch.Size([3063, 7])
X_dev.shape: torch.Size([558, 702])
Y_dev.shape: torch.Size([558, 7])
Epochs: 500
Learning rate: 0.001
Weight decay: 1e-05
Epoch | Train                 | Development           | Minutes
      | Loss     | Error Rate | Loss     | Error Rate |
---------------------------------------------------------------
    1 |   2.5953 |     68.446 |   2.0173 |     58.363 |     0.0
    2 |   1.7787 |     49.788 |   1.5557 |     45.012 |     0.0
    3 |   1.5053 |     46.387 |   1.4369 |     45.579 |     0.1
    4 |   1.4381 |     46.327 |   1.4062 |     45.012 |     0.1
    5 |   1.4163 |     46.343 |   1.3903 |     44.683 |     0.1
    6 |   1.4038 |     46.148 |   1.3813 |     44.863 |     0.1
    7 |   1.3903 |     46.343 |   1.3648 |     44.534 |     0.2
    8 |   1.3727 |     45.696 |   1.3484 |     44.116 |     0.2
    9 |   1.3538 |     45.010 |   1.3325 |     44.952 |     0.2
   10 |   1.3360 |     44.809 |   1.3249 |     43.967 |     0.2
   11 |   1.3214 |     44.434 |   1.3129 |     43.668 |     0.2
   12 |   1.3114 |     44.194 |   1.2988 |     43.130 |     0.3
   13 |   1.3008 |     43.835 |   1.2918 |     42.861 |     0.3
   14 |   1.2874 |     43.111 |   1.2746 |     42.324 |     0.3
   15 |   1.2725 |     42.611 |   1.2685 |     41.637 |     0.3
   16 |   1.2649 |     42.584 |   1.2712 |     41.995 |     0.4
   17 |   1.2540 |     42.165 |   1.2577 |     41.368 |     0.4
   18 |   1.2425 |     42.007 |   1.2544 |     40.771 |     0.4
   19 |   1.2308 |     41.370 |   1.2403 |     41.547 |     0.4
   20 |   1.2297 |     41.348 |   1.2370 |     40.890 |     0.4
   21 |   1.2207 |     41.212 |   1.2453 |     41.010 |     0.5
   22 |   1.2133 |     40.717 |   1.2247 |     39.695 |     0.5
   23 |   1.1988 |     40.244 |   1.2412 |     41.159 |     0.5
   24 |   1.1949 |     40.021 |   1.2191 |     39.486 |     0.5
   25 |   1.1921 |     40.222 |   1.2127 |     40.771 |     0.6
   26 |   1.1835 |     39.776 |   1.2183 |     40.382 |     0.6
   27 |   1.1682 |     39.444 |   1.2183 |     39.845 |     0.6
   28 |   1.1559 |     38.883 |   1.2121 |     40.502 |     0.6
   29 |   1.1424 |     38.824 |   1.2035 |     39.695 |     0.6
   30 |   1.1309 |     38.503 |   1.2035 |     40.263 |     0.7
   31 |   1.1169 |     38.100 |   1.2071 |     40.233 |     0.7
   32 |   1.1160 |     38.127 |   1.2094 |     39.665 |     0.7
   33 |   1.1046 |     37.735 |   1.2221 |     40.024 |     0.7
Early stopping

Model: Seq2Seq Multimodal Bi-LSTM
Source index: <Seq2Seq Index with 45 items>
Target index: <Seq2Seq Index with 34 items>
Encoder embedding dimension: 128
Descriptors dimension: 1136
Decoder embedding dimension: 128
Encoder hidden units: 128
Encoder layers: 2
Decoder hidden units: 64
Decoder layers: 4
Dropout: 0.2
Trainable parameters: 1,243,426

Training started
X_train.shape: torch.Size([3063, 649])
Y_train.shape: torch.Size([3063, 7])
X_dev.shape: torch.Size([558, 702])
Y_dev.shape: torch.Size([558, 7])
Epochs: 500
Learning rate: 0.0001
Weight decay: 1e-05
Epoch | Train                 | Development           | Minutes
      | Loss     | Error Rate | Loss     | Error Rate |
---------------------------------------------------------------
    1 |   3.3766 |     82.343 |   3.0331 |     83.333 |     0.5
    2 |   2.8215 |     80.542 |   2.6572 |     67.533 |     1.0
    3 |   2.5503 |     64.169 |   2.4046 |     58.632 |     1.5
    4 |   2.3375 |     58.842 |   2.2328 |     58.632 |     2.1
    5 |   2.1953 |     57.906 |   2.0963 |     58.632 |     2.6
    6 |   2.0870 |     56.807 |   2.0025 |     58.632 |     3.1
    7 |   2.0056 |     56.094 |   1.9323 |     54.421 |     3.6
    8 |   1.9409 |     54.386 |   1.8718 |     47.760 |     4.2
    9 |   1.8811 |     50.756 |   1.8146 |     47.760 |     4.7
   10 |   1.8268 |     49.391 |   1.7616 |     47.760 |     5.2
   11 |   1.7748 |     48.955 |   1.7145 |     47.760 |     5.7
   12 |   1.7280 |     48.765 |   1.6721 |     47.760 |     6.3
   13 |   1.6876 |     48.710 |   1.6359 |     47.790 |     6.8
   14 |   1.6510 |     48.591 |   1.6020 |     47.790 |     7.3
   15 |   1.6176 |     47.464 |   1.5720 |     45.012 |     7.8
   16 |   1.5878 |     46.409 |   1.5452 |     45.012 |     8.4
   17 |   1.5623 |     46.322 |   1.5227 |     44.982 |     8.9
   18 |   1.5396 |     46.322 |   1.5030 |     45.012 |     9.4
   19 |   1.5204 |     46.322 |   1.4855 |     45.012 |     9.9
   20 |   1.5042 |     46.322 |   1.4721 |     45.012 |    10.5
   21 |   1.4900 |     46.322 |   1.4586 |     45.012 |    11.0
   22 |   1.4782 |     46.322 |   1.4491 |     45.012 |    11.5
   23 |   1.4682 |     46.333 |   1.4408 |     44.982 |    12.1
   24 |   1.4603 |     46.333 |   1.4336 |     45.012 |    12.6
   25 |   1.4526 |     46.305 |   1.4276 |     45.012 |    13.1
   26 |   1.4459 |     46.294 |   1.4224 |     45.012 |    13.6
   27 |   1.4413 |     46.327 |   1.4173 |     45.012 |    14.2
   28 |   1.4359 |     46.294 |   1.4134 |     45.012 |    14.7
   29 |   1.4319 |     46.218 |   1.4106 |     45.042 |    15.2
   30 |   1.4288 |     46.300 |   1.4076 |     45.012 |    15.8
   31 |   1.4254 |     46.343 |   1.4042 |     45.012 |    16.3
   32 |   1.4223 |     46.289 |   1.4008 |     45.012 |    16.9
   33 |   1.4192 |     46.316 |   1.3989 |     45.012 |    17.4
   34 |   1.4172 |     46.349 |   1.3964 |     45.012 |    18.1
   35 |   1.4141 |     46.278 |   1.3933 |     44.982 |    18.6
   36 |   1.4106 |     46.311 |   1.3902 |     44.982 |    19.1
   37 |   1.4065 |     46.371 |   1.3869 |     45.012 |    19.6
   38 |   1.4031 |     46.267 |   1.3829 |     44.982 |    20.2
   39 |   1.3982 |     46.322 |   1.3778 |     44.892 |    20.7
   40 |   1.3924 |     46.213 |   1.3716 |     44.952 |    21.2
   41 |   1.3844 |     46.169 |   1.3622 |     44.773 |    21.8
   42 |   1.3744 |     46.333 |   1.3504 |     44.892 |    22.3
   43 |   1.3643 |     45.794 |   1.3430 |     44.385 |    22.8
   44 |   1.3539 |     45.315 |   1.3357 |     43.817 |    23.3
   45 |   1.3455 |     44.891 |   1.3279 |     44.026 |    23.9
   46 |   1.3373 |     44.967 |   1.3181 |     43.698 |    24.4
   47 |   1.3294 |     44.798 |   1.3111 |     43.429 |    24.9
   48 |   1.3232 |     44.608 |   1.3060 |     43.578 |    25.4
   49 |   1.3154 |     44.526 |   1.2990 |     43.459 |    26.0
   50 |   1.3087 |     44.499 |   1.2973 |     43.369 |    26.5
   51 |   1.3020 |     44.379 |   1.2934 |     43.399 |    27.0
   52 |   1.2952 |     44.091 |   1.2909 |     43.519 |    27.5
   53 |   1.2906 |     44.085 |   1.2866 |     43.339 |    28.1
   54 |   1.2848 |     43.819 |   1.2841 |     42.981 |    28.6
   55 |   1.2783 |     43.563 |   1.2777 |     43.160 |    29.1
   56 |   1.2700 |     43.509 |   1.2717 |     42.682 |    29.7
   57 |   1.2635 |     43.253 |   1.2697 |     43.160 |    30.2
   58 |   1.2598 |     43.068 |   1.2652 |     42.443 |    30.7
   59 |   1.2554 |     42.850 |   1.2605 |     42.294 |    31.2
   60 |   1.2461 |     42.605 |   1.2578 |     42.384 |    31.8
   61 |   1.2418 |     42.197 |   1.2556 |     41.786 |    32.3
   62 |   1.2363 |     41.838 |   1.2489 |     41.965 |    32.8
   63 |   1.2300 |     41.952 |   1.2469 |     41.458 |    33.3
   64 |   1.2247 |     41.544 |   1.2456 |     41.607 |    33.9
   65 |   1.2193 |     41.397 |   1.2469 |     42.622 |    34.4
   66 |   1.2159 |     41.316 |   1.2391 |     41.039 |    34.9
   67 |   1.2086 |     40.978 |   1.2373 |     41.308 |    35.4
   68 |   1.2041 |     40.880 |   1.2307 |     42.174 |    36.0
   69 |   1.1992 |     40.510 |   1.2283 |     42.055 |    36.5
   70 |   1.1946 |     40.532 |   1.2265 |     40.532 |    37.0
   71 |   1.1912 |     40.429 |   1.2288 |     42.055 |    37.5
   72 |   1.1862 |     40.173 |   1.2216 |     41.517 |    38.1
   73 |   1.1801 |     40.162 |   1.2218 |     41.547 |    38.6
   74 |   1.1758 |     39.770 |   1.2185 |     40.681 |    39.2
   75 |   1.1708 |     39.721 |   1.2179 |     41.129 |    39.7
   76 |   1.1667 |     39.623 |   1.2162 |     40.054 |    40.2
   77 |   1.1615 |     39.259 |   1.2143 |     41.039 |    40.7
   78 |   1.1573 |     39.281 |   1.2108 |     40.293 |    41.3
   79 |   1.1559 |     39.373 |   1.2084 |     39.904 |    41.8
   80 |   1.1497 |     38.987 |   1.2075 |     40.143 |    42.3
   81 |   1.1466 |     38.943 |   1.2036 |     39.725 |    42.8
   82 |   1.1391 |     38.747 |   1.2044 |     39.785 |    43.4
   83 |   1.1346 |     38.720 |   1.2007 |     39.576 |    43.9
   84 |   1.1313 |     38.513 |   1.1968 |     39.845 |    44.4
   85 |   1.1265 |     38.296 |   1.1971 |     39.576 |    45.0
   86 |   1.1233 |     38.198 |   1.1941 |     39.576 |    45.5
   87 |   1.1171 |     38.143 |   1.1953 |     39.875 |    46.0
   88 |   1.1139 |     37.926 |   1.1904 |     39.337 |    46.5
   89 |   1.1081 |     37.763 |   1.1898 |     39.188 |    47.1
   90 |   1.1079 |     37.899 |   1.1891 |     39.516 |    47.6
   91 |   1.0984 |     37.365 |   1.1906 |     39.217 |    48.1
   92 |   1.0980 |     37.224 |   1.1804 |     39.068 |    48.6
   93 |   1.0883 |     36.761 |   1.1828 |     39.098 |    49.2
   94 |   1.0879 |     37.044 |   1.1845 |     39.427 |    49.7
   95 |   1.0804 |     36.565 |   1.1832 |     39.307 |    50.3
   96 |   1.0764 |     36.288 |   1.1812 |     38.859 |    50.8
Early stopping

Model: Seq2Seq Multimodal Bi-LSTM
Source index: <Seq2Seq Index with 45 items>
Target index: <Seq2Seq Index with 34 items>
Encoder embedding dimension: 64
Descriptors dimension: 1136
Decoder embedding dimension: 64
Encoder hidden units: 128
Encoder layers: 4
Decoder hidden units: 128
Decoder layers: 2
Dropout: 0.2
Trainable parameters: 2,731,746

Training started
X_train.shape: torch.Size([3063, 649])
Y_train.shape: torch.Size([3063, 7])
X_dev.shape: torch.Size([558, 702])
Y_dev.shape: torch.Size([558, 7])
Epochs: 500
Learning rate: 0.0001
Weight decay: 1e-05
Epoch | Train                 | Development           | Minutes
      | Loss     | Error Rate | Loss     | Error Rate |
---------------------------------------------------------------
    1 |   3.0476 |     80.493 |   2.5208 |     63.680 |     1.0
    2 |   2.3220 |     58.608 |   2.1206 |     55.854 |     2.2
    3 |   2.0606 |     55.768 |   1.9330 |     52.778 |     3.2
    4 |   1.8998 |     51.099 |   1.7897 |     47.521 |     4.3
    5 |   1.7700 |     48.770 |   1.6756 |     47.790 |     5.4
    6 |   1.6625 |     48.661 |   1.5820 |     47.790 |     6.4
    7 |   1.5774 |     47.530 |   1.5151 |     45.012 |     7.5
    8 |   1.5161 |     46.338 |   1.4655 |     45.012 |     8.5
    9 |   1.4732 |     46.251 |   1.4313 |     44.952 |     9.6
   10 |   1.4403 |     46.055 |   1.4043 |     44.265 |    10.6
   11 |   1.4131 |     45.609 |   1.3788 |     43.548 |    11.7
   12 |   1.3884 |     44.950 |   1.3590 |     43.250 |    12.8
   13 |   1.3680 |     44.205 |   1.3413 |     42.622 |    13.8
   14 |   1.3477 |     43.411 |   1.3290 |     41.995 |    14.9
   15 |   1.3296 |     42.616 |   1.3123 |     41.906 |    15.9
   16 |   1.3124 |     41.838 |   1.2950 |     41.039 |    17.0
   17 |   1.2923 |     41.093 |   1.2846 |     40.442 |    18.1
   18 |   1.2729 |     40.494 |   1.2657 |     40.562 |    19.1
   19 |   1.2547 |     40.010 |   1.2514 |     39.725 |    20.3
   20 |   1.2391 |     39.368 |   1.2368 |     39.367 |    21.4
   21 |   1.2159 |     38.769 |   1.2259 |     39.008 |    22.6
   22 |   1.1957 |     38.165 |   1.2094 |     37.903 |    23.7
   23 |   1.1748 |     37.224 |   1.1938 |     37.605 |    24.7
   24 |   1.1544 |     36.734 |   1.1874 |     37.455 |    25.8
   25 |   1.1353 |     36.054 |   1.1730 |     37.336 |    26.8
   26 |   1.1157 |     35.738 |   1.1552 |     36.888 |    27.9
   27 |   1.0964 |     35.107 |   1.1442 |     36.290 |    28.9
   28 |   1.0786 |     34.715 |   1.1335 |     36.320 |    30.0
   29 |   1.0641 |     34.264 |   1.1209 |     36.410 |    31.1
   30 |   1.0425 |     33.535 |   1.1111 |     36.111 |    32.2
   31 |   1.0233 |     32.833 |   1.0991 |     35.573 |    33.3
   32 |   1.0040 |     32.332 |   1.0925 |     35.275 |    34.4
   33 |   0.9872 |     31.570 |   1.0815 |     34.588 |    35.4
   34 |   0.9679 |     30.689 |   1.0730 |     34.170 |    36.5
   35 |   0.9501 |     30.444 |   1.0617 |     34.020 |    37.6
   36 |   0.9303 |     29.236 |   1.0530 |     33.094 |    38.7
   37 |   0.9145 |     29.008 |   1.0421 |     33.692 |    39.9
   38 |   0.9005 |     28.137 |   1.0383 |     33.274 |    41.0
   39 |   0.8809 |     27.555 |   1.0285 |     32.527 |    42.1
   40 |   0.8641 |     27.157 |   1.0170 |     32.527 |    43.2
   41 |   0.8479 |     26.260 |   1.0146 |     32.258 |    44.4
   42 |   0.8346 |     25.765 |   1.0112 |     32.318 |    45.4
   43 |   0.8175 |     25.476 |   1.0007 |     31.959 |    46.5
   44 |   0.8039 |     24.856 |   0.9972 |     31.481 |    47.6
   45 |   0.7858 |     24.279 |   0.9862 |     31.870 |    48.7
   46 |   0.7736 |     23.914 |   0.9928 |     31.780 |    49.8
   47 |   0.7591 |     23.191 |   0.9792 |     31.541 |    50.8
   48 |   0.7428 |     22.658 |   0.9787 |     30.795 |    52.0
   49 |   0.7349 |     22.271 |   0.9759 |     31.004 |    53.1
   50 |   0.7182 |     21.673 |   0.9739 |     30.376 |    54.2
   51 |   0.7047 |     21.259 |   0.9685 |     30.585 |    55.3
   52 |   0.6922 |     20.998 |   0.9641 |     30.705 |    56.5
   53 |   0.6784 |     20.459 |   0.9700 |     30.884 |    57.7
   54 |   0.6683 |     20.214 |   0.9677 |     30.944 |    58.9
   55 |   0.6566 |     20.008 |   0.9582 |     30.227 |    60.4
   56 |   0.6445 |     19.474 |   0.9590 |     30.496 |    61.7
   57 |   0.6330 |     19.017 |   0.9522 |     30.287 |    62.9
   58 |   0.6254 |     18.903 |   0.9529 |     29.898 |    64.0
   59 |   0.6115 |     18.598 |   0.9526 |     29.869 |    65.4
   60 |   0.5971 |     17.875 |   0.9535 |     29.540 |    66.8
   61 |   0.5894 |     17.815 |   0.9611 |     29.719 |    68.2
Early stopping

Model: Seq2Seq Multimodal Bi-LSTM
Source index: <Seq2Seq Index with 45 items>
Target index: <Seq2Seq Index with 34 items>
Encoder embedding dimension: 128
Descriptors dimension: 1136
Decoder embedding dimension: 128
Encoder hidden units: 64
Encoder layers: 2
Decoder hidden units: 128
Decoder layers: 3
Dropout: 0.2
Trainable parameters: 836,898

Training started
X_train.shape: torch.Size([3063, 649])
Y_train.shape: torch.Size([3063, 7])
X_dev.shape: torch.Size([558, 702])
Y_dev.shape: torch.Size([558, 7])
Epochs: 500
Learning rate: 0.001
Weight decay: 1e-05
Epoch | Train                 | Development           | Minutes
      | Loss     | Error Rate | Loss     | Error Rate |
---------------------------------------------------------------
    1 |   2.2650 |     61.519 |   1.6310 |     47.909 |     0.0
    2 |   1.5026 |     46.654 |   1.4086 |     45.579 |     0.1
    3 |   1.4080 |     46.262 |   1.3661 |     45.012 |     0.1
    4 |   1.3658 |     45.946 |   1.3227 |     44.026 |     0.1
    5 |   1.3328 |     45.212 |   1.3016 |     44.235 |     0.1
    6 |   1.3049 |     44.869 |   1.2781 |     43.877 |     0.2
    7 |   1.2785 |     43.938 |   1.2515 |     42.384 |     0.2
    8 |   1.2396 |     42.246 |   1.2111 |     40.890 |     0.2
    9 |   1.2032 |     40.402 |   1.1866 |     39.845 |     0.3
   10 |   1.1590 |     38.568 |   1.1420 |     37.873 |     0.3
   11 |   1.1120 |     36.848 |   1.1082 |     36.559 |     0.3
   12 |   1.0732 |     36.038 |   1.0830 |     36.499 |     0.3
   13 |   1.0310 |     35.009 |   1.0551 |     35.693 |     0.4
   14 |   0.9873 |     33.203 |   1.0439 |     35.036 |     0.4
   15 |   0.9484 |     31.984 |   1.0177 |     33.841 |     0.4
   16 |   0.9139 |     30.471 |   0.9996 |     32.736 |     0.5
   17 |   0.8778 |     29.334 |   0.9753 |     31.750 |     0.5
   18 |   0.8370 |     27.897 |   0.9877 |     32.288 |     0.5
   19 |   0.8131 |     27.359 |   0.9563 |     31.481 |     0.5
   20 |   0.7880 |     26.222 |   0.9720 |     32.646 |     0.6
   21 |   0.7559 |     25.335 |   0.9264 |     30.167 |     0.6
   22 |   0.7141 |     23.860 |   0.9544 |     30.526 |     0.6
   23 |   0.6871 |     22.848 |   0.9290 |     29.510 |     0.7
   24 |   0.6575 |     21.700 |   0.9192 |     29.241 |     0.7
   25 |   0.6298 |     20.807 |   0.9153 |     29.391 |     0.7
   26 |   0.6060 |     20.269 |   0.9367 |     29.391 |     0.7
   27 |   0.5976 |     19.855 |   0.9259 |     29.271 |     0.8
   28 |   0.5696 |     18.870 |   0.9133 |     28.226 |     0.8
   29 |   0.5516 |     18.326 |   0.9092 |     28.196 |     0.8
   30 |   0.5193 |     17.113 |   0.9260 |     28.524 |     0.9
   31 |   0.5175 |     17.537 |   0.9087 |     27.061 |     0.9
   32 |   0.5046 |     16.765 |   0.9069 |     27.479 |     0.9
